[255, 255, 255, 0, 0, 0, 0, 255, 255, 255, 255, 59.924995, 0, 0, 0, 0, 0, 0, 59.924988, 255, 255, 0, 0, 0, 0, 0, 0, 0, 0, 255, 0, 0, 0, 0, 0, 0, 0, 0, 0, 0, 0, 0, 0, 0, 0, 0, 0, 0, 0, 0, 0, 0, 0, 0, 0, 0, 0, 0, 0, 0, 0, 0, 0, 0, 0, 0, 0, 0, 0, 0, 255, 0, 0, 0, 0, 0, 0, 0, 0, 255, 255, 255, 0, 0, 0, 0, 0, 0, 255, 255, 255, 255, 255, 0, 0, 0, 0, 255, 255, 255;
 255, 255, 255, 0, 0, 0, 0, 255, 255, 255, 255, 59.924995, 0, 0, 0, 0, 0, 0, 59.924988, 255, 255, 0, 0, 0, 0, 0, 0, 0, 0, 255, 0, 0, 0, 0, 0, 0, 0, 0, 0, 0, 0, 0, 0, 0, 0, 0, 0, 0, 0, 0, 0, 0, 0, 0, 0, 0, 0, 0, 0, 0, 0, 0, 0, 0, 0, 0, 0, 0, 0, 0, 255, 0, 0, 0, 0, 0, 0, 0, 0, 255, 255, 255, 0, 0, 0, 0, 0, 0, 255, 255, 255, 255, 255, 0, 0, 0, 0, 255, 255, 255;
 255, 255, 255, 0, 0, 0, 0, 255, 255, 255, 255, 59.924995, 0, 0, 0, 0, 0, 0, 59.924988, 255, 255, 0, 0, 0, 0, 0, 0, 0, 0, 255, 0, 0, 0, 0, 0, 0, 0, 0, 0, 0, 0, 0, 0, 0, 0, 0, 0, 0, 0, 0, 0, 0, 0, 0, 0, 0, 0, 0, 0, 0, 0, 0, 0, 0, 0, 0, 0, 0, 0, 0, 255, 0, 0, 0, 0, 0, 0, 0, 0, 255, 255, 255, 0, 0, 0, 0, 0, 0, 255, 255, 255, 255, 255, 0, 0, 0, 0, 255, 255, 255;
 0, 0, 0, 0, 0, 0, 0, 0, 0, 0, 0, 0, 0, 0, 0, 0, 0, 0, 0, 0, 0, 0, 0, 0, 0, 0, 0, 0, 0, 0, 0, 0, 0, 0, 0, 0, 0, 0, 0, 0, 0, 0, 0, 0, 0, 0, 0, 0, 0, 0, 0, 0, 0, 0, 0, 0, 0, 0, 0, 0, 0, 0, 0, 0, 0, 0, 0, 0, 0, 0, 0, 0, 0, 0, 0, 0, 0, 0, 0, 0, 0, 0, 0, 0, 0, 0, 0, 0, 0, 0, 0, 0, 0, 0, 0, 0, 0, 0, 0, 0;
 255, 255, 255, 255, 232.05, 102, 255, 255, 255, 255, 255, 255, 255, 255, 0, 0, 255, 255, 255, 255, 255, 255, 255, 255, 0, 0, 102, 255, 255, 255, 255, 255, 255, 0, 0, 0, 0, 255, 255, 255, 255, 255, 255, 0, 0, 0, 0, 255, 255, 255, 255, 255, 0, 0, 0, 0, 0, 0, 255, 255, 255, 204, 0, 0, 0, 0, 0, 0, 204, 255, 255, 0, 0, 0, 0, 0, 0, 0, 0, 255, 153, 0, 0, 0, 0, 0, 0, 0, 0, 153, 0, 0, 0, 0, 0, 0, 0, 0, 0, 0]
training color
[237, 28, 36;
 255, 127, 39;
 255, 242, 0;
 34, 177, 76;
 63, 72, 204;
 200, 191, 231;
 163, 73, 164]
